1 0.885202348232269 -0.0227955598384142 -0.0446522124111652 -0.431078284978867 0.0104261171072721 0.0104020843282342 -0.0709545016288757 -0.0188525803387165 -0.327192306518555 -0.0168845802545547 0.0509784743189812 0.348783522844315 0.00111502408981323 0.348884433507919 -0.00702132051810622 -0.0790316909551621 -0.0935475006699562 -0.372490525245667 0.016123766079545 -0.0749718323349953 -0.0227388367056847 -0.0268910750746727 0.411129504442215 0.0166103597730398 -0.318616092205048 -0.162944003939629 -0.016892047598958 -0.0167110376060009 -0.692207396030426 0.0347455069422722 -0.37627899646759 -0.021967239677906 -0.0168678425252438 0.00421126000583172 -0.134889528155327 -0.19311834871769 0.00237607723101974 -0.0141268232837319 0.533845126628876 0.00412445515394211 -0.253896266222 0.0896725878119469 0.0504117719829083 0.0622763931751251 -0.58368730545044 -0.0144335608929396 0.432199895381928 -0.635594666004181 0.410806208848953 -0.25345703959465 -0.422798156738281 0.00415252707898617 -0.033583614975214 0.00290552014485002 0.00412184232845902 -0.0169774424284697 -0.00682621449232101 -0.00167634664103389 -0.134917363524437 -0.0332255512475967 -0.0690968409180641 -0.143347784876823 -0.0650159046053886 0.41081640124321 -0.0182948131114244 0.0133099807426333 -0.00635640416294336 -0.0600031428039074 0.348855048418045 0.00545758102089167 -0.12546843290329 -0.630872070789337 -0.320139735937119 0.0591945610940456 -0.320539474487305 -0.630490601062775 0.442071586847305 -0.0128167979419231 -0.00184999220073223 -0.0329596176743507 -0.575906097888947 -0.507360458374023 -0.00703232549130917 0.00224779779091477 0.0202754102647305 0.0224110577255487 -0.022717883810401 0.0503068864345551 -0.00370550667867065 0.0422764979302883 -0.00231323810294271 0.017777394503355 0.092573270201683 0.400115370750427
0.885202348232269 1 -0.00621571950614452 -0.0439886637032032 -0.46394294500351 0.0115813566371799 0.0116114495322108 -0.0648502185940743 -0.00517977448180318 -0.267437040805817 -0.0104301897808909 0.0573141649365425 0.397093772888184 -0.00593032082542777 0.39719894528389 -0.0133899385109544 -0.0946142002940178 -0.146841451525688 -0.406984269618988 0.0212273895740509 -0.090796522796154 -0.00603855354711413 -0.0100183971226215 0.383400201797485 0.0173972472548485 -0.362454801797867 -0.118829563260078 -0.0231410954147577 -0.0103848306462169 -0.600899875164032 0.0561792775988579 -0.43373104929924 -0.00699898041784763 -0.0120802912861109 0.0122048761695623 -0.135243609547615 -0.13620725274086 0.0174972973763943 -0.0285094436258078 0.496003061532974 -0.000929505564272404 -0.183919176459312 0.0830361321568489 0.0566647350788117 0.058791346848011 -0.498520106077194 0.00125041091814637 0.403556883335114 -0.541956186294556 0.3832868039608 -0.183598294854164 -0.36161881685257 -0.000897867605090141 -0.0164611972868443 0.00104566244408488 -0.00093132583424449 -0.0194508191198111 -0.0113672893494368 0.00125086400657892 -0.135270789265633 -0.0156397465616465 -0.0777178853750229 -0.142523437738419 -0.0566813759505749 0.383232802152634 -0.0164722353219986 0.0147425271570683 -0.00250012800097466 -0.0688771456480026 0.397170066833496 0.0211790259927511 -0.121048711240292 -0.536965489387512 -0.342614561319351 0.06208536028862 -0.343017190694809 -0.536597967147827 0.413192063570023 -0.0168434865772724 -0.00726193888112903 -0.0284962356090546 -0.490050286054611 -0.575431168079376 -0.00719504011794925 -0.00503409001976252 0.0163828320801258 0.0346584282815456 -0.00615022890269756 0.0294362399727106 0.00428893929347396 0.0429618321359158 -0.00420644180849195 0.0147987259551883 0.104695983231068 0.372818201780319
-0.0227955598384142 -0.00621571950614452 1 -0.0170096606016159 0.0235841888934374 0.000646620523184538 0.000649080146104097 0.0853477269411087 -0.0042225900106132 -0.175296455621719 -0.00818810798227787 0.0222143549472094 0.0274286232888699 -0.00116411782801151 0.0273167677223682 -0.0169893372803926 0.563727021217346 -0.0781784430146217 0.0352064073085785 0.0111217172816396 0.566429257392883 1 0.996277034282684 -0.237570464611053 -0.00486033875495195 -0.0188727360218763 0.227800250053406 -0.00923972949385643 -0.00810853485018015 0.0946818366646767 0.167764991521835 0.0250616669654846 0.0149577651172876 0.0521562099456787 -0.0429083444178104 -0.227352634072304 -0.0885087475180626 0.950529158115387 -0.0417665280401707 -0.0862972810864449 0.00290656602010131 -0.194263771176338 0.177528470754623 0.0229042898863554 0.0504366345703602 -0.0936030521988869 0.030920971184969 -0.261735409498215 0.0287450812757015 -0.237616494297981 -0.193935543298721 -0.0303779933601618 0.0028909258544445 0.986758410930634 0.00379597395658493 0.00290423352271318 -0.021359758451581 -0.0192875321954489 -0.00116971088573337 -0.227406665682793 0.979521751403809 0.00805512443184853 -0.0853511616587639 0.213221579790115 -0.237751543521881 -0.0077585089020431 -0.0105792758986354 -0.0138487257063389 -0.0491762608289719 0.0272944010794163 0.122270345687866 0.119585499167442 0.0322306454181671 -0.0106574716046453 0.13085401058197 -0.0107952198013663 0.0323750153183937 -0.248659268021584 -0.0337684564292431 0.00531797297298908 -0.0240407362580299 -0.0444534607231617 -0.00812386721372604 -0.00280831241980195 -0.0104306424036622 -0.0192300267517567 -0.00885739736258984 1 -0.00355183891952038 -0.00298226904124022 -0.00884185545146465 -0.00974112190306187 -0.0257284939289093 0.249526664614677 -0.246817335486412
-0.0446522124111652 -0.0439886637032032 -0.0170096606016159 1 0.0886878743767738 0.0254175942391157 0.0254190005362034 0.167457029223442 -0.0188453402370214 0.115117490291595 -0.000747540034353733 0.0213712751865387 -0.0822092294692993 -0.00471958890557289 -0.0824033692479134 -0.0281032714992762 0.270616263151169 0.0370763950049877 0.151711508631706 -0.0139181120321155 0.27271243929863 -0.0168212838470936 -0.0188694894313812 0.16338162124157 -0.000827242154628038 0.167661532759666 0.0742867812514305 -0.0166434980928898 -0.00025262264534831 0.290243864059448 0.653221070766449 0.149906978011131 -0.0263904724270105 0.00164232449606061 -0.0319382399320602 -0.261609584093094 0.226190865039825 -0.00396388955414295 -0.045319315046072 0.103928543627262 -0.0254146382212639 0.433737307786942 0.0451817065477371 0.0215251110494137 0.063527412712574 0.205800488591194 0.0620990730822086 0.162523657083511 0.271206319332123 0.163529455661774 0.433018416166306 0.194508135318756 -0.0253707058727741 -0.0211834441870451 -0.00455663539469242 -0.0254116225987673 -0.0211743135005236 -0.0166567303240299 -0.0179687011986971 -0.261664092540741 0.000179573427885771 -0.199430048465729 0.0514952130615711 0.545307338237763 0.163390979170799 0.90491658449173 0.0176922958344221 0.00664712395519018 -0.022337144240737 -0.0824053883552551 0.112864710390568 0.142138093709946 0.26997497677803 0.173443078994751 0.0714274197816849 0.173473611474037 0.269851893186569 0.165533438324928 -0.0179933682084084 -0.00532849365845323 0.0064118942245841 0.150823876261711 0.11166325211525 0.00626294268295169 -0.0143657736480236 0.00456620519980788 -0.0122143104672432 -0.0168876312673092 0.0334937386214733 -0.0345658622682095 0.0185727905482054 -0.0209801103919745 -0.00490068970248103 0.0532193519175053 0.166962325572968
-0.431078284978867 -0.46394294500351 0.0235841888934374 0.0886878743767738 1 0.0381958782672882 0.0381415188312531 0.0209959782660007 0.0277699157595634 0.442520976066589 0.00496837217360735 0.0272464659065008 -0.276827126741409 -0.00569339888170362 -0.276934146881104 0.011720416136086 -0.000546017196029425 -0.0514538288116455 -0.0488805733621121 -0.0521421507000923 -0.00257356744259596 0.0236137993633747 0.0255602262914181 -0.223046168684959 -0.0040672468021512 -0.129019632935524 0.247275337576866 0.00102015072479844 0.0047702300362289 0.394257128238678 0.0972235500812531 -0.0462988279759884 0.0382697507739067 0.0498528182506561 0.0135145839303732 0.0592046082019806 0.192331224679947 0.0106982737779617 0.0360100567340851 0.187538906931877 -0.00128897000104189 0.211829677224159 -0.0302670821547508 0.0269729308784008 -0.0219135209918022 0.577503204345703 0.00737936003133655 -0.228219628334045 0.412070661783218 -0.222820699214935 0.211473375558853 0.180521830916405 -0.00125182326883078 0.0285534970462322 -0.00303110061213374 -0.00128402281552553 0.034584317356348 0.0354949347674847 -0.0131948245689273 0.0592088736593723 0.0286955926567316 0.0189114827662706 -0.0407070182263851 0.153224289417267 -0.222892463207245 0.0870775505900383 0.0150378458201885 0.0235992148518562 0.0496832467615604 -0.276940435171127 -0.0114624351263046 0.0567345842719078 0.41430875658989 -0.135856345295906 0.0063242600299418 -0.135870337486267 0.414238184690475 -0.23342601954937 0.0123251639306545 -0.00378887541592121 -0.000490705017000437 0.645950257778168 0.800124645233154 0.00993633270263672 -0.00742146605625749 -0.0295557733625174 0.00179676851257682 0.0235219299793243 -0.0164795722812414 -0.00614733714610338 -0.00736127281561494 -0.00498067447915673 -0.00920604914426804 -0.0548648536205292 -0.21622334420681
0.0104261171072721 0.0115813566371799 0.000646620523184538 0.0254175942391157 0.0381958782672882 1 0.99641090631485 0.00119078950956464 -0.00358876027166843 0.0492071025073528 0.0093346331268549 0.0166302379220724 0.0354140102863312 -0.0284161567687988 0.035418875515461 -0.0871957764029503 -0.00757487397640944 0.0389725789427757 -0.0517461709678173 0.0247782114893198 -0.00636451365426183 0.000607524067163467 -0.000487355515360832 -0.0118715120479465 -0.0118408864364028 -0.0498868711292744 0.00436217058449984 -0.00453224591910839 0.00965940952301025 -0.00674254167824984 0.0248964335769415 -0.0487354174256325 -0.00159088056534529 0.00363676203414798 0.114772506058216 0.0116637386381626 -0.0104482248425484 0.0225009135901928 -0.0141306994482875 0.0458500236272812 0.0412477813661099 -0.0106601808220148 0.0120416404679418 0.0169868357479572 0.0105699365958571 0.0297612175345421 -0.00136847421526909 -0.0139760309830308 0.000414418987929821 -0.0119708338752389 -0.0106532480567694 0.00392467202618718 0.0412598326802254 -5.46816736459732e-05 0.00459149945527315 0.041245523840189 -0.00874820817261934 0.0113838938996196 0.00533411744982004 0.0116630168631673 0.000304816756397486 0.0258814617991447 -7.31078907847405e-05 -0.00342215038836002 -0.0119245862588286 0.0284520871937275 0.562131404876709 -0.00223635230213404 -0.00624444987624884 0.0355258472263813 0.00601590145379305 -0.00231988588348031 0.00078392680734396 -0.0518894866108894 -0.00154911447316408 -0.051923044025898 0.000717571005225182 -0.0141687318682671 0.0480426624417305 0.00824707467108965 0.00231593521311879 0.0281327851116657 0.0183077901601791 0.00584811391308904 -0.0352918729186058 -0.0468749105930328 0.237871378660202 0.000611215829849243 -0.016025410965085 0.00453644990921021 0.021442998200655 0.0502168461680412 0.0241425763815641 0.0193368699401617 -0.0126148732379079
0.0104020843282342 0.0116114495322108 0.000649080146104097 0.0254190005362034 0.0381415188312531 0.99641090631485 1 0.00111855426803231 -0.00365153141319752 0.0491412095725536 0.00935985427349806 0.0165302082896233 0.0354399979114532 -0.0284632388502359 0.035444937646389 -0.087227389216423 -0.00755827222019434 0.0389694981276989 -0.0517620928585529 0.0247930865734816 -0.00634893495589495 0.000610206741839647 -0.000483975280076265 -0.0118333715945482 -0.0119275581091642 -0.0498404465615749 0.0043783662840724 -0.00459890672937036 0.00968501158058643 -0.00674548326060176 0.0248728226870298 -0.0487380400300026 -0.00164475291967392 0.00367040606215596 0.114801213145256 0.0116547662764788 -0.0104444520547986 0.0224967673420906 -0.0141526916995645 0.0458143353462219 0.0411574207246304 -0.0106358667835593 0.0120199378579855 0.0168873742222786 0.0105227213352919 0.0297570172697306 -0.00132441148161888 -0.0139337284490466 0.000401847530156374 -0.0119326943531632 -0.0106289722025394 0.00386986741796136 0.0411698147654533 -5.10453246533871e-05 0.0046270745806396 0.0411552786827087 -0.00879350677132607 0.0113565102219582 0.00538393901661038 0.0116540789604187 0.000310803297907114 0.0258654728531837 -7.00647942721844e-05 -0.00336879584938288 -0.0118862763047218 0.028452429920435 0.562226593494415 -0.00224787369370461 -0.00622368464246392 0.0355518534779549 0.00598879205062985 -0.00237317848950624 0.000771930906921625 -0.0518388599157333 -0.00154512748122215 -0.0518726110458374 0.000705593265593052 -0.0141364801675081 0.0480081290006638 0.00828227028250694 0.0023063556291163 0.0281280670315027 0.0182586535811424 0.0058275074698031 -0.0352292358875275 -0.0468926802277565 0.237924635410309 0.00061357207596302 -0.0160077437758446 0.00460017565637827 0.0214088372886181 0.0501714907586575 0.0242010205984116 0.0193307604640722 -0.0125744761899114
-0.0709545016288757 -0.0648502185940743 0.0853477269411087 0.167457029223442 0.0209959782660007 0.00119078950956464 0.00111855426803231 1 -0.0240629054605961 -0.0215967129915953 -0.0294730849564075 0.125475391745567 0.147113859653473 0.0220190621912479 0.14704230427742 0.0106620630249381 0.17990055680275 0.0533911287784576 0.149221137166023 -0.0239373315125704 0.182196706533432 0.0853757038712502 0.0833975374698639 -0.103653237223625 0.00617438228800893 0.226843550801277 0.0600638948380947 0.0303142331540585 -0.0287927743047476 0.11954839527607 0.251309514045715 0.137112766504288 -0.0288232509046793 -0.0312147755175829 0.0217594560235739 -0.0767287611961365 0.0301691628992558 0.0849784091114998 -0.023075008764863 -0.00923817045986652 0.0297687835991383 0.0067565469071269 -0.0621704496443272 0.124790839850903 0.00698950886726379 0.0928279757499695 0.00556977326050401 -0.086647130548954 0.0937227383255959 -0.103495642542839 0.00674875685945153 0.00194632541388273 0.0296725556254387 0.0954403951764107 0.00214992836117744 0.0297704674303532 0.0149379195645452 -0.0057292771525681 0.00220830366015434 -0.0767580419778824 0.0900522693991661 -0.0367992371320725 0.0161497071385384 0.152150452136993 -0.103619255125523 0.156825736165047 0.0214422326534987 0.00218899268656969 0.00232971832156181 0.147044956684113 0.0500039085745812 0.866911709308624 0.103063724935055 0.234743997454643 0.0658163577318192 0.234994739294052 0.103283248841763 -0.0807659849524498 -0.0124731296673417 0.0145574202761054 0.00547746196389198 0.0966818258166313 0.0578287988901138 -0.00798722077161074 0.00712298136204481 -0.0201031062752008 0.00513420719653368 0.0854793936014175 -0.0347872003912926 0.00299505656585097 0.0794534906744957 -0.0221654921770096 -0.0207257382571697 0.0387077182531357 -0.102402299642563
-0.0188525803387165 -0.00517977448180318 -0.0042225900106132 -0.0188453402370214 0.0277699157595634 -0.00358876027166843 -0.00365153141319752 -0.0240629054605961 1 0.0195991788059473 0.0103385280817747 0.0151791339740157 0.0153092900291085 -0.0016149440780282 0.0154033163562417 0.00881626643240452 -0.00796201080083847 -0.0234000682830811 -0.0126461461186409 -0.0123016471043229 -0.00905713997781277 -0.0041553620249033 -0.00306876469403505 -0.0272112935781479 0.00451758503913879 -0.0166055522859097 -0.0371082834899426 -0.0137113118544221 0.0107178129255772 0.0274931490421295 -0.0259669497609139 -0.0185873005539179 0.89667135477066 -0.218892902135849 0.00450658099725843 0.0521336793899536 -0.00193716445937753 -0.0183188710361719 0.035980336368084 -0.00380426133051515 0.0130028780549765 0.021335968747735 -0.0102672930806875 0.0149021688848734 0.0623505190014839 0.0236946735531092 -0.278757303953171 -0.0272811576724052 0.0435574539005756 -0.027178805321455 0.0213267169892788 0.0479428321123123 0.0130060333758593 -0.00835065077990294 -0.0286654848605394 0.0130011029541492 -0.000766970217227936 0.00125710805878043 -0.00837402790784836 0.052138764411211 -0.000131188426166773 0.0984286591410637 0.0326300822198391 0.0127951754257083 -0.0270036589354277 -0.0181629974395037 -0.001227798871696 0.113972909748554 0.00163494050502777 0.0153660858049989 0.063741147518158 -0.0215782038867474 0.0460550487041473 -0.0108755407854915 0.0131956711411476 -0.010970326140523 0.0460888966917992 -0.0302570443600416 -0.00157373398542404 -0.013841881416738 -0.0371208675205708 0.020274369046092 0.013406309299171 0.0314416661858559 -0.000772818922996521 -0.0194572508335114 0.00574935413897038 -0.00436039082705975 -0.00105034606531262 -0.01641103066504 0.0274353846907616 -0.00881274603307247 -0.00775679526850581 0.0403659455478191 -0.0218847617506981
-0.327192306518555 -0.267437040805817 -0.175296455621719 0.115117490291595 0.442520976066589 0.0492071025073528 0.0491412095725536 -0.0215967129915953 0.0195991788059473 1 0.0118627985939384 0.132708743214607 -0.0947563648223877 -0.0184915903955698 -0.0947292819619179 -0.0246094428002834 -0.186293452978134 0.29120746254921 -0.162451148033142 0.0207724366337061 -0.187733501195908 -0.175206854939461 -0.174171328544617 -0.195127665996552 -0.00305787054821849 -0.150450900197029 -0.0601934380829334 0.0170127525925636 0.0122580183669925 0.373098850250244 0.0895464718341827 -0.158317893743515 0.0235880147665739 0.037959236651659 0.0147217931225896 0.173263147473335 0.184147119522095 -0.184055581688881 0.0535741448402405 0.110966749489307 -0.0140615850687027 0.224711701273918 -0.0239214096218348 0.132580026984215 -0.0369376204907894 0.556639909744263 -0.0141727700829506 -0.199316114187241 0.398719489574432 -0.19469878077507 0.224328577518463 0.544866263866425 -0.0139906257390976 -0.171957492828369 -0.00115095311775804 -0.0140619501471519 0.0142928892746568 0.0107729639858007 -0.00754450401291251 0.173295229673386 -0.173724129796028 0.137224212288857 -0.0510873086750507 0.0929243117570877 -0.194893807172775 0.110163822770119 0.0286059062927961 0.0389650873839855 0.0158504489809275 -0.0947291404008865 -0.0725675821304321 0.000947396270930767 0.40069904923439 -0.155085399746895 -0.047299824655056 -0.15510767698288 0.400621622800827 -0.202606663107872 0.0109351091086864 -0.00853363610804081 0.0721274018287659 0.57559871673584 0.34994912147522 0.00684106722474098 -0.0177597533911467 0.0199882984161377 0.0184070151299238 -0.175359860062599 -0.00129183242097497 -0.00755306053906679 0.0999493896961212 0.0126118045300245 0.00633674208074808 -0.0226618256419897 -0.192949697375298
-0.0168845802545547 -0.0104301897808909 -0.00818810798227787 -0.000747540034353733 0.00496837217360735 0.0093346331268549 0.00935985427349806 -0.0294730849564075 0.0103385280817747 0.0118627985939384 1 -0.000977854244410992 -0.0156383626163006 -0.453800886869431 -0.0157406385987997 0.0233825724571943 0.00666112871840596 0.00451769214123488 0.0089575732126832 0.0114321894943714 0.00611363165080547 -0.00822681654244661 -0.00751844746991992 -0.000196334905922413 -0.0434700399637222 -0.00950781907886267 -0.0116986967623234 -0.0348880104720593 0.996648013591766 0.0110850529745221 -0.0129286656156182 0.00724295992404223 0.0129066510125995 0.00912525597959757 0.0776094645261765 0.00875584408640862 -0.00783616583794355 -0.0110962921753526 0.0133820995688438 -0.0147868124768138 0.0241923835128546 0.0107479505240917 0.00577524490654469 -0.000777188688516617 0.000828045886009932 0.000719519797712565 -0.00369557226076722 -0.00320876017212868 0.0122126610949636 -0.000364407896995544 0.0107234064489603 0.0203331187367439 0.0242342613637447 -0.00612371787428856 -0.00379141140729189 0.0241853184998035 -0.0326370485126972 -0.0176162533462048 0.00422768667340279 0.0087651526555419 -0.00486759329214692 0.0103579545393586 0.00236796354874969 0.00139196449890733 -0.000288533046841621 7.32550397515297e-05 -0.000160748139023781 0.0106900501996279 -0.00695869652554393 -0.0157201085239649 -0.0020248806104064 -0.0234363302588463 0.010819117538631 -0.00734106544405222 0.000669023022055626 -0.00724593829363585 0.0108711635693908 -0.00286609400063753 0.0447345897555351 -0.296941041946411 0.00243369676172733 0.00265369191765785 -0.00152495782822371 0.00359872495755553 -0.0321370624005795 -0.0190288089215755 0.0273836608976126 -0.00818685907870531 -0.00577205838635564 0.000127993524074554 -0.00521323550492525 0.0868251174688339 0.0188589915633202 0.00828813202679157 0.00120861269533634
0.0509784743189812 0.0573141649365425 0.0222143549472094 0.0213712751865387 0.0272464659065008 0.0166302379220724 0.0165302082896233 0.125475391745567 0.0151791339740157 0.132708743214607 -0.000977854244410992 1 0.12516513466835 -0.0354085043072701 0.125204637646675 -0.0276444144546986 0.0271094031631947 -0.0220060627907515 -0.0977903679013252 0.0144572732970119 0.032580778002739 0.022620914503932 0.0169657208025455 -0.103162534534931 0.00516554666683078 -0.165013387799263 -0.0342345423996449 -0.0472619757056236 -0.000608375761657953 -0.032837089151144 0.0226325578987598 -0.111530937254429 0.0262975469231606 -0.000839663203805685 0.0196836236864328 0.0681116729974747 -0.079769678413868 0.049455538392067 0.0202412884682417 0.0724435225129128 0.00951395183801651 -0.112599194049835 0.00255448883399367 0.998000800609589 -0.00831098761409521 0.0408633537590504 -0.0102633191272616 -0.126311749219894 -0.0163048468530178 -0.102808475494385 -0.112426117062569 0.0168585814535618 0.00944534130394459 0.0197095181792974 0.0160483866930008 0.00951340608298779 -0.0535523630678654 -0.0351498983800411 -0.00704855285584927 0.0681342035531998 0.013724903576076 0.136355951428413 -0.0209778677672148 0.0482451282441616 -0.103074997663498 0.036060132086277 0.0540408603847027 -0.00200105411931872 0.0160910598933697 0.125199168920517 -0.0430511571466923 0.142305284738541 -0.0139300050213933 -0.152278810739517 0.0599333047866821 -0.152548149228096 -0.0137998284772038 -0.115027062594891 -0.0478740260004997 -0.0133932745084167 -0.00520064122974873 0.036951806396246 0.0526331774890423 -0.0105455247685313 -0.00391434738412499 -0.0226117391139269 0.0597345903515816 0.0222196690738201 0.00733445305377245 -0.0122323967516422 0.729527473449707 -0.0264513585716486 -0.00955804530531168 0.0888686254620552 -0.102946452796459
0.348783522844315 0.397093772888184 0.0274286232888699 -0.0822092294692993 -0.276827126741409 0.0354140102863312 0.0354399979114532 0.147113859653473 0.0153092900291085 -0.0947563648223877 -0.0156383626163006 0.12516513466835 1 0.00148795312270522 1 -0.00637957639992237 0.00909533631056547 0.0494047440588474 -0.375759035348892 0.0170584525913 0.0156501084566116 0.0272341370582581 0.021351145580411 -0.0643988475203514 0.00975528918206692 0.0141013087704778 -0.0575672537088394 -0.010154664516449 -0.0160985179245472 -0.308487564325333 -0.0563018508255482 -0.369311183691025 0.0193473771214485 0.00350375613197684 0.000196266919374466 -0.0578045286238194 -0.232905521988869 0.0692945942282677 0.00633169244974852 0.29897603392601 0.010485720820725 -0.34439492225647 0.0539102330803871 0.124839328229427 0.00532132247462869 -0.0934950187802315 0.0132347112521529 -0.062278974801302 -0.27867066860199 -0.0645471885800362 -0.34381702542305 -0.23703970015049 0.0104404278099537 0.0258887335658073 0.00770144816488028 0.0104891518130898 -0.00443041324615479 0.00563934957608581 0.00581818912178278 -0.0578178726136684 0.0120937209576368 0.0189418066293001 0.147586956620216 -0.065549299120903 -0.0643583312630653 -0.0475836433470249 0.0442668423056603 -0.00346979591995478 -0.0551480986177921 1 -0.00419944478198886 0.182859361171722 -0.275387436151505 0.000642822124063969 0.104696907103062 0.000846770592033863 -0.275395750999451 -0.0696868747472763 -0.0175845492631197 0.00111786695197225 0.0253564827144146 -0.173483088612556 -0.259463518857956 -0.0104868998751044 0.014683292247355 -0.00641026441007853 0.0192616172134876 0.0276570245623589 -0.0017876997590065 -0.00983327999711037 0.116735465824604 -0.00696924980729818 0.00546771753579378 0.14749501645565 -0.0571033209562302
0.00111502408981323 -0.00593032082542777 -0.00116411782801151 -0.00471958890557289 -0.00569339888170362 -0.0284161567687988 -0.0284632388502359 0.0220190621912479 -0.0016149440780282 -0.0184915903955698 -0.453800886869431 -0.0354085043072701 0.00148795312270522 1 0.00157399103045464 -0.0258759632706642 0.0105767203494906 0.00949066132307053 0.00525214895606041 -0.00511209666728973 0.00949923787266016 -0.00131976837292314 -0.000428510364145041 -0.0104240272194147 0.00294730067253113 0.0140057103708386 0.0155477095395327 0.0700840428471565 -0.455820113420487 -0.00282139331102371 -0.00465889647603035 0.00795823521912098 -0.00782155059278011 -0.00803428143262863 -0.056284885853529 -0.00737844780087471 -0.00539230322465301 -0.00142524810507894 -0.00126910209655762 -0.000518654473125935 -0.00961464829742908 -0.0133149931207299 0.000519402790814638 -0.0360227562487125 0.000485927332192659 -0.00484999641776085 -0.00435397727414966 -0.00708714686334133 -0.00463034631684423 -0.0102892983704805 -0.013276663608849 -0.0139451827853918 -0.00963890645653009 0.000210663303732872 0.00353244598954916 -0.00961961410939693 0.05431267619133 0.0416941046714783 0.00226028217002749 -0.00738194398581982 -0.00190876936540008 -0.00408539501950145 -0.0125610660761595 -0.00456235511228442 -0.0103283692151308 -0.00752156414091587 -0.0267528258264065 -0.0141284605488181 0.0206655040383339 0.00155761884525418 0.00423260033130646 0.0182521566748619 -0.00321273971349001 0.0120037877932191 0.00307326437905431 0.0117173595353961 -0.00335778063163161 -0.0072988118045032 -0.0559926591813564 0.372759789228439 -0.00157138844951987 0.000670749228447676 0.00327877793461084 -0.00114616844803095 -0.00506971403956413 0.00358831556513906 0.0062799695879221 -0.00112788751721382 0.00149417947977781 0.00295701622962952 -0.0331509336829186 -0.0560276433825493 -0.0917092859745026 -0.00315799750387669 -0.0111933005973697
0.348884433507919 0.39719894528389 0.0273167677223682 -0.0824033692479134 -0.276934146881104 0.035418875515461 0.035444937646389 0.14704230427742 0.0154033163562417 -0.0947292819619179 -0.0157406385987997 0.125204637646675 1 0.00157399103045464 1 -0.00619162200018764 0.00900658592581749 0.0494322180747986 -0.375860780477524 0.0170800052583218 0.0155614260584116 0.0271223112940788 0.0212398618459702 -0.0644215792417526 0.00975401327013969 0.0141160283237696 -0.0576004832983017 -0.010086677968502 -0.0162004567682743 -0.308611512184143 -0.0565422512590885 -0.369349360466003 0.0194687433540821 0.00356631958857179 0.000231309793889523 -0.0577054508030415 -0.233042672276497 0.0691803768277168 0.00649023242294788 0.299018174409866 0.0105747999623418 -0.344523847103119 0.0538546107709408 0.12487868219614 0.00525936158373952 -0.0935634896159172 0.013162998482585 -0.0622987113893032 -0.278777778148651 -0.0645688399672508 -0.343945890665054 -0.237057268619537 0.0105294520035386 0.0257720053195953 0.00770282698795199 0.010578122921288 -0.00435295328497887 0.00569204846397042 0.00579187879338861 -0.0577187426388264 0.0119842914864421 0.0190631281584501 0.147625356912613 -0.065668098628521 -0.0643803998827934 -0.0477785840630531 0.0443246178328991 -0.00349027290940285 -0.0551264472305775 1 -0.00428995676338673 0.182829216122627 -0.275492638349533 0.000648417975753546 0.104702614247799 0.000852156896144152 -0.27550134062767 -0.0697077363729477 -0.0175105165690184 0.00124510563910007 0.0253286808729172 -0.173566043376923 -0.259572148323059 -0.0104763442650437 0.0147316958755255 -0.00641481904312968 0.0193480458110571 0.0275451447814703 -0.00179916154593229 -0.00986662600189447 0.116744942963123 -0.0069655105471611 0.00538702495396137 0.147527620196342 -0.0571233406662941
-0.00702132051810622 -0.0133899385109544 -0.0169893372803926 -0.0281032714992762 0.011720416136086 -0.0871957764029503 -0.087227389216423 0.0106620630249381 0.00881626643240452 -0.0246094428002834 0.0233825724571943 -0.0276444144546986 -0.00637957639992237 -0.0258759632706642 -0.00619162200018764 1 -0.00841305032372475 -0.00837262626737356 0.0207083988934755 0.0296876132488251 -0.00887403730303049 -0.016970980912447 -0.0163854509592056 0.00532276835292578 -0.0548928678035736 0.0204687807708979 -0.018662303686142 -0.0277253556996584 0.0240417886525393 -0.00895379576832056 -0.0182638298720121 0.0254994798451662 0.00619453331455588 -0.0173810664564371 0.258499413728714 0.0233111493289471 -0.000884856097400188 -0.0214531496167183 0.00328643433749676 -0.0155978882685304 0.415322244167328 -0.00272229453548789 -0.00871832203119993 -0.0280174650251865 0.0190013758838177 -0.021914292126894 -0.0128512568771839 0.00728973560035229 -0.00921818055212498 0.00520718051120639 -0.00273678358644247 -0.00237847911193967 0.41517898440361 -0.0177500750869513 0.00277595082297921 0.415321260690689 0.0319595038890839 -0.0173306819051504 0.00355851138010621 0.0233207438141108 -0.0177652314305305 0.00579566601663828 0.012159108184278 -0.0140278125181794 0.00520184729248285 -0.0266052260994911 -0.0714649334549904 -0.0144701711833477 0.0791377648711205 -0.00620455993339419 0.00651215668767691 0.0100906044244766 -0.00750487577170134 0.0181204024702311 -0.0021815849468112 0.0178949031978846 -0.00735090347006917 0.00701810978353024 0.48745533823967 0.0170112755149603 -0.000329861417412758 -0.017685579136014 -0.00830579828470945 -0.0132347503677011 0.0388800390064716 -0.130788892507553 -0.182080551981926 -0.0168270580470562 -0.0168091431260109 0.000127618666738272 -0.0157532021403313 0.0971435606479645 0.0218487214297056 -0.0105400690808892 0.00632020458579063
-0.0790316909551621 -0.0946142002940178 0.563727021217346 0.270616263151169 -0.000546017196029425 -0.00757487397640944 -0.00755827222019434 0.17990055680275 -0.00796201080083847 -0.186293452978134 0.00666112871840596 0.0271094031631947 0.00909533631056547 0.0105767203494906 0.00900658592581749 -0.00841305032372475 1 -0.0603505969047546 0.124381192028523 0.0285173188894987 0.994534611701965 0.56364506483078 0.567863345146179 -0.294016867876053 -0.0171184074133635 0.0410911403596401 0.257259130477905 -0.00531798973679543 0.00683512026444078 0.15507085621357 0.165564522147179 0.134772568941116 -0.0118437157943845 0.00559885613620281 -0.0174125581979752 -0.185170188546181 -0.385259717702866 0.529303431510925 -0.0241060424596071 -0.149082884192467 0.0111691225320101 -0.198367312550545 0.0767384245991707 0.0277712903916836 -0.000391315668821335 -0.0502276979386807 0.0364646054804325 -0.26699885725975 0.0768096297979355 -0.294012397527695 -0.19803050160408 -0.0377799719572067 0.0111251305788755 0.574756026268005 -0.0048805121332407 0.0111705400049686 0.00167876435443759 0.00825571268796921 0.0170263163745403 -0.185215711593628 0.577610552310944 0.00974809192121029 -0.10385849326849 0.447134763002396 -0.293913543224335 0.273746639490128 -0.0103217968717217 -0.0114334439858794 0.00910273380577564 0.0089801698923111 0.0612722784280777 0.217861890792847 0.0805390104651451 0.0345294326543808 0.0831476524472237 0.0344219692051411 0.0806490629911423 -0.251924455165863 -0.0245755203068256 0.00404094345867634 -0.0204861555248499 -0.0110283093526959 0.0118287121877074 0.000892131123691797 -0.00121635524556041 -0.0108793843537569 0.0248433444648981 0.563554286956787 -0.0347588658332825 0.00505218980833888 0.0031013609841466 -0.0115168103948236 -0.0216154754161835 0.199578583240509 -0.306839406490326
-0.0935475006699562 -0.146841451525688 -0.0781784430146217 0.0370763950049877 -0.0514538288116455 0.0389725789427757 0.0389694981276989 0.0533911287784576 -0.0234000682830811 0.29120746254921 0.00451769214123488 -0.0220060627907515 0.0494047440588474 0.00949066132307053 0.0494322180747986 -0.00837262626737356 -0.0603505969047546 1 -0.0712425261735916 -0.000684209167957306 -0.0601390339434147 -0.0779839381575584 -0.0784579589962959 -0.0771539136767387 0.00335633428767324 0.0478840693831444 -0.0222370289266109 0.0156362447887659 0.00477376347407699 0.0989360809326172 -0.04519147798419 -0.0685787871479988 -0.0219006054103374 0.0148311667144299 0.00320178270339966 0.00717772450298071 0.0706720724701881 -0.0804848149418831 -0.0255394391715527 0.064390629529953 -0.0100340908393264 0.03859768435359 -0.0195122864097357 -0.021841311827302 -0.0314598754048347 0.154112830758095 0.0101181324571371 -0.0778074637055397 0.108857370913029 -0.0771617218852043 0.0385278314352036 0.156917914748192 -0.010046117939055 -0.0780463144183159 0.00158786633983254 -0.0100357113406062 0.0196287538856268 0.0188286080956459 0.0134940519928932 0.00717812450602651 -0.0778915956616402 -0.0113305822014809 -0.0209032595157623 -0.0684124454855919 -0.0772216469049454 0.0348337218165398 -0.0140745062381029 -0.0118932751938701 -0.0674253329634666 0.0496395118534565 -0.0512652136385441 0.0634166747331619 0.109636910259724 0.044781282544136 -0.0353646837174892 0.0445715226233006 0.109612435102463 -0.0789753273129463 0.0310011524707079 -0.00499480497092009 0.157615929841995 0.161535456776619 -0.060050867497921 -0.0133616318926215 -0.0163795799016953 0.0490767136216164 -0.0134062878787518 -0.0782114267349243 0.0122742559760809 0.00762033089995384 0.0142194442451 0.00872164964675903 -0.00329044414684176 -0.0231290329247713 -0.0756661221385002
-0.372490525245667 -0.406984269618988 0.0352064073085785 0.151711508631706 -0.0488805733621121 -0.0517461709678173 -0.0517620928585529 0.149221137166023 -0.0126461461186409 -0.162451148033142 0.0089575732126832 -0.0977903679013252 -0.375759035348892 0.00525214895606041 -0.375860780477524 0.0207083988934755 0.124381192028523 -0.0712425261735916 1 -0.022967305034399 0.121844947338104 0.0350028611719608 0.0378209240734577 -0.142405062913895 -0.0192868243902922 0.724706768989563 -0.0229610297828913 -0.000666857697069645 0.00935789570212364 0.348969995975494 0.110663585364819 0.965131938457489 -0.0157190188765526 0.00671970704570413 -0.0249200593680143 0.0486482866108418 0.0840273424983025 0.0189511403441429 0.0375274643301964 -0.458454310894013 0.0274848286062479 0.123557135462761 -0.0561500824987888 -0.0976523607969284 -0.0348457396030426 -0.00178897893056273 -0.00105037027969956 -0.148578017950058 0.250841051340103 -0.142304450273514 0.12333382666111 0.152112141251564 0.0274614952504635 0.0418984554708004 0.00287799816578627 0.0274806190282106 0.0221625082194805 0.00865951366722584 0.00922361947596073 0.0486645288765431 0.0409566946327686 0.00875251647084951 -0.0776836797595024 0.156283617019653 -0.142305105924606 0.132616177201271 -0.0356491692364216 -0.0042153880931437 0.030040018260479 -0.375864267349243 -0.00902168825268745 0.193178579211235 0.253431707620621 0.755411148071289 -0.027249364182353 0.755242109298706 0.253099381923676 -0.15413324534893 -0.00372290704399347 -0.00366593431681395 0.000862658489495516 0.047950841486454 0.0973536819219589 0.000113506801426411 0.0092124817892909 -0.0219397228211164 -0.0481426827609539 0.0352023728191853 -0.0324704200029373 0.00296664424240589 -0.057751476764679 0.000825320836156607 -0.0107274297624826 -0.0527685210108757 -0.145081669092178
0.016123766079545 0.0212273895740509 0.0111217172816396 -0.0139181120321155 -0.0521421507000923 0.0247782114893198 0.0247930865734816 -0.0239373315125704 -0.0123016471043229 0.0207724366337061 0.0114321894943714 0.0144572732970119 0.0170584525913 -0.00511209666728973 0.0170800052583218 0.0296876132488251 0.0285173188894987 -0.000684209167957306 -0.022967305034399 1 0.0286292936652899 0.0112126227468252 0.0110754268243909 0.00801027845591307 -0.010768118314445 -0.0294870641082525 0.0189926214516163 -0.029135923832655 0.0116586852818728 -0.0207569170743227 -0.0178415346890688 -0.02715521492064 -0.011393079534173 0.00982651673257351 0.0331614017486572 0.0215777084231377 -0.0242507513612509 0.0149208568036556 -0.00586184998974204 -0.0328440293669701 0.0583943836390972 -0.0191785041242838 0.00103488657623529 0.0148013439029455 -0.000415126793086529 -0.0424782708287239 0.0168532412499189 0.00783829391002655 -0.0253445226699114 0.00801447220146656 -0.0191359017044306 0.028044929727912 0.0584067776799202 0.0104081761091948 -0.00112590799108148 0.0583960488438606 0.122064016759396 0.095465175807476 0.0113110234960914 0.0215820446610451 0.0103250127285719 0.0187424011528492 0.00420293165370822 -0.0177553370594978 0.00798330549150705 -0.00734869530424476 0.013674003072083 -0.00495034316554666 0.281396925449371 0.0170781407505274 0.0157746523618698 -0.00221147993579507 -0.0261805821210146 -0.0269520711153746 -0.0469539016485214 -0.026968527585268 -0.0262091215699911 0.00961063615977764 -0.0326869003474712 -0.0208710674196482 0.00322324223816395 -0.0418014712631702 -0.0604229047894478 -0.00217121373862028 0.00529349502176046 0.038629025220871 0.0739101618528366 0.0111410468816757 -0.0105387736111879 0.00996405072510242 0.0552055574953556 0.112710759043694 0.0125663476064801 0.00395629135891795 0.00591572746634483
-0.0749718323349953 -0.090796522796154 0.566429257392883 0.27271243929863 -0.00257356744259596 -0.00636451365426183 -0.00634893495589495 0.182196706533432 -0.00905713997781277 -0.187733501195908 0.00611363165080547 0.032580778002739 0.0156501084566116 0.00949923787266016 0.0155614260584116 -0.00887403730303049 0.994534611701965 -0.0601390339434147 0.121844947338104 0.0286292936652899 1 0.566352903842926 0.560912549495697 -0.297583103179932 -0.0170794483274221 0.0377673581242561 0.256732940673828 -0.00419853534549475 0.00627381447702646 0.15115812420845 0.167126029729843 0.132260516285896 -0.012703550979495 0.00795936677604914 -0.0161135159432888 -0.179172247648239 -0.393364816904068 0.52239978313446 -0.0203683190047741 -0.146991357207298 0.0126300565898418 -0.205528303980827 0.0752894729375839 0.0332431755959988 0.00801879912614822 -0.0529814474284649 0.0347151830792427 -0.270599961280823 0.0730896145105362 -0.297569572925568 -0.205179780721664 -0.0405079238116741 0.0125851649791002 0.567761123180389 -0.00517806457355619 0.0126315867528319 0.00259080156683922 0.00950524210929871 0.0189586542546749 -0.17921593785286 0.570579469203949 0.0131570836529136 -0.104851178824902 0.45047715306282 -0.29747661948204 0.275925695896149 -0.0103343287482858 -0.0118916109204292 0.00911261513829231 0.0155347008258104 0.0672483071684837 0.220318332314491 0.0768640786409378 0.0311582125723362 0.0804198086261749 0.0310540180653334 0.0769762992858887 -0.25550839304924 -0.0247386489063501 0.00442785769701004 -0.0211524963378906 -0.01358578260988 0.00944870337843895 0.00121014472097158 -0.00070313923060894 -0.0104146515950561 0.0272371917963028 0.566264033317566 -0.0359736382961273 0.00704994238913059 0.00723110465332866 -0.0110448822379112 -0.0202790349721909 0.196974039077759 -0.310498476028442
