.Random.seed <-
c(10403L, 494L, -1552939936L, 702769827L, -120062527L, 1154308528L, 
-53770034L, -1732004295L, -1353488309L, -7734790L, 1331082492L, 
-1801791169L, -845023723L, 1355875628L, -951572990L, -1329881891L, 
1906354135L, 1826468542L, -379648776L, 1630542555L, -1864867527L, 
-1464114040L, -338656202L, 584261745L, 1849078435L, -725809166L, 
1170697028L, 1008002055L, 901267933L, 762912468L, -545897990L, 
-1199215291L, -412149345L, 2107067174L, -772754512L, 1272053843L, 
1069824881L, -1228723552L, -85426626L, 2111780169L, 238562299L, 
-1385017398L, -1338908372L, -1500381905L, 1311269861L, -744007012L, 
-1627660558L, -1111560339L, 1361578151L, -1914467634L, 2033915944L, 
11011115L, 874587721L, -2016555176L, -2106791418L, -1648913439L, 
231944563L, -1487814174L, 758740308L, 815320151L, 1826304077L, 
-1912163356L, 879030730L, 1591130165L, -198781297L, -902445162L, 
-1055364288L, 1603307011L, -67519455L, 1368944400L, 1005733102L, 
-2145694567L, -1661499093L, -1668276198L, 236427996L, -358544673L, 
1689392309L, 64258636L, -1855295838L, -714476035L, -1671536905L, 
-1644324834L, -267281704L, -351400389L, 419273689L, -1152186008L, 
-76062570L, -1473528303L, 682555331L, -20829230L, -2031225244L, 
-1599101529L, 1966996221L, 894344948L, -1420011046L, -1390297819L, 
-698880961L, 935574470L, 1697298512L, 1433629811L, 119134353L, 
1289808064L, 799310494L, 772988521L, 1066978971L, 389800874L, 
2011678668L, 811702927L, -833981755L, 1186241148L, 1410037458L, 
-1273183667L, -1481027833L, -442756370L, -237918264L, 1271802059L, 
1180416297L, -212213384L, 1625908902L, 153727169L, 1711151443L, 
-2035137022L, -550371532L, 1479027895L, 97352877L, 135588292L, 
-920942102L, 2122184277L, -690952209L, 1922021366L, -1049300704L, 
-1611399453L, -1666046079L, -1049370128L, 1876549774L, -1865463815L, 
-1606787701L, -876344902L, 856836284L, -1894044673L, 174397781L, 
710238828L, 1268958914L, 473895197L, 64595863L, 2125800190L, 
568670392L, 1688511131L, -2131971847L, -261090744L, 100105590L, 
839380145L, -1632370461L, 351412146L, 1699274756L, 20730695L, 
-1856075235L, 584654996L, -1733701574L, -221523323L, -392113313L, 
-1777652762L, -1811503504L, 2033027475L, -316477903L, 622019808L, 
1731294590L, 1857972233L, 1972291643L, 1988236810L, -2067511828L, 
2049591919L, -759216731L, -1890388644L, -1452299982L, -581175251L, 
-1087367449L, -1807074290L, 1541547496L, -965488661L, -95457143L, 
1428677656L, -1356762298L, 1595339169L, -909385677L, 1029795234L, 
37591188L, -93090025L, 1722591501L, -253575132L, -1752252406L, 
1338238325L, 872637647L, 383584214L, -499038336L, -639001661L, 
-716075679L, -1426320432L, 348185390L, -97485095L, -845607701L, 
-789361318L, 2043649820L, 423598623L, 155314805L, -333060340L, 
1699085026L, -2027438147L, -988248009L, 559514334L, 1343266328L, 
1942970747L, -1823803111L, -346585688L, -1271436970L, -1698154031L, 
-1243678333L, -1151834094L, 256060324L, 424786791L, -1663393603L, 
1996699700L, 1674525594L, 639662053L, -1686625409L, 495936262L, 
1201212560L, 1755299123L, 750262993L, -171333444L, -38190512L, 
-841128990L, -1133608856L, -1353419700L, 1387972860L, -1998550030L, 
2010614016L, 84537716L, 1741224968L, -676417606L, -161611312L, 
-1329812500L, 776704404L, 818303442L, -98352800L, -1513930932L, 
-1141941984L, -1363972222L, 1267113704L, -135753492L, -1123396548L, 
1337912178L, 757415536L, 835867684L, -1383609544L, 505785498L, 
-340053296L, -1016856388L, 1220087444L, -1501813118L, -1322977088L, 
-1193954500L, -957465456L, 1519001122L, 319258632L, -1649885940L, 
-1625269092L, 984677906L, 1847844736L, -1330786796L, 1698097704L, 
1009747258L, 1464064464L, -156461972L, 1677236532L, 832063122L, 
2075618144L, 1471832908L, -705210400L, 266094498L, 386803624L, 
-1055691380L, 1244965052L, 176548210L, 1608348912L, 2112413764L, 
-655994536L, 622720570L, 632945520L, 425580604L, -2147475692L, 
-668371518L, 1679874784L, -752400516L, -1198960944L, -186910558L, 
-385983448L, 585868556L, 352823228L, -872126158L, 1348217280L, 
719678004L, 1845955528L, 822483130L, -1962583664L, -1847119380L, 
842728020L, -1757618030L, 1691860768L, -447084084L, 1159099872L, 
1698420418L, 1955243048L, -85839188L, 450544828L, 409967090L, 
1818501424L, -227527516L, 509585080L, 573885786L, -1919277680L, 
-1093323908L, 1345575188L, -1922239678L, -1062888704L, 2128517052L, 
-1264672944L, 374022946L, -1006174904L, 812898828L, -1332135844L, 
2031733970L, -897132032L, 1898466644L, -1581606424L, -887768070L, 
-342396720L, 13221164L, 1027814132L, -483194478L, 1383183456L, 
-1271454452L, -499633440L, 332032354L, 1475594920L, 416027212L, 
-1040612996L, 1873413426L, 2023116912L, -1764477116L, -507531816L, 
1669086330L, -1408332240L, -46888260L, -682471596L, -1032760254L, 
-993088096L, -2025522500L, 911702480L, -333550238L, 1557344232L, 
1744619468L, 1506230012L, -997826062L, 613099648L, 1485812980L, 
2039035528L, 758253370L, -1193028784L, 1149326956L, -1145696108L, 
1458258258L, -779985184L, 1524331212L, -659451744L, -70820990L, 
568554216L, 1529647852L, -68359108L, -1741757838L, -941398928L, 
341657124L, -707705800L, -481007590L, -1175860528L, -1493425092L, 
402510996L, -1930457982L, 1950967744L, -1831331524L, -1354288496L, 
-1160192990L, -1511791608L, 1402878092L, -1828819940L, 1958692498L, 
-1474530176L, -905052140L, -2141362904L, -715567558L, 456598736L, 
-2035022740L, 1816580788L, -1286043630L, 1401698272L, 2111623116L, 
588393952L, -1238372830L, -1137186520L, -1404718836L, -775350724L, 
-672521998L, -50595088L, 1118094148L, 1127426648L, 2127475258L, 
1958930160L, -1465582404L, -1604940268L, 676544706L, -1378144160L, 
-1414722180L, 1038351568L, -1923531742L, 315488936L, 1256271756L, 
1177541052L, -84544462L, 709146432L, 1477441716L, -1278631096L, 
270105274L, 1765289744L, 676518124L, 1415705684L, -97523950L, 
-1484991584L, 1036320716L, -1223046304L, -1615785790L, 673863208L, 
-44268116L, 1890582332L, -1163243662L, 1726047024L, 1268761124L, 
-971280328L, -1009234726L, -910950000L, 874047228L, -727138412L, 
-1882709182L, -977823232L, 920494652L, -1373792688L, 1260114594L, 
2064204660L, -1366171390L, 535962007L, -728433823L, 897597350L, 
1498851748L, 2138787925L, 1143809279L, -1802303080L, 1959334582L, 
1322240835L, -1091217787L, 1380801314L, 10559504L, -944161863L, 
-1662350229L, 1623609180L, -781044086L, 970183295L, 1419336649L, 
544516190L, -1119479028L, -1159298339L, 471624679L, -1056714736L, 
-770892498L, -1039167013L, -1061042499L, 505476138L, 476767432L, 
1703002609L, -1833726109L, 1222383460L, -1098781038L, -222958745L, 
778147121L, 1806429814L, -1248170092L, -1123939419L, 943439023L, 
941273448L, 654244166L, -1501228813L, 512986709L, 1751708210L, 
529874944L, -1180539671L, 304161627L, -108067412L, -481157702L, 
-1482036369L, 1084280057L, 474829198L, 1634149468L, -278759731L, 
2139890231L, -38680384L, -1685489762L, -137012117L, 1627716589L, 
-1532289446L, -1031413480L, 270454401L, 1787782195L, 1678799444L, 
-265677214L, 1657952503L, -893019327L, -2121592378L, 76708612L, 
1491324597L, 1939970463L, -677915144L, 1502780374L, -1019394461L, 
-491309531L, 1806378434L, 762501808L, 1765675737L, 804971595L, 
540220092L, 372836586L, -10894049L, 1025805737L, 1643727678L, 
1854170668L, -1577167747L, 267570887L, 1903966128L, 418343374L, 
-559324421L, -954728099L, 222257802L, 1853173928L, 906490897L, 
-1860369149L, -922122236L, -1594775502L, -1258110841L, -821990191L, 
-529123754L, -1183685068L, -1547920059L, -311406705L, -205653240L, 
-1121125082L, 2118526419L, -1093996747L, -1522686318L, 1797882464L, 
1958826953L, 1965732603L, 82492620L, -640666278L, -1037141937L, 
1549448473L, -265511122L, -31452868L, -1956022611L, 549482839L, 
1913782432L, -473661954L, -324464437L, -2133266739L, 1336523258L, 
-716119496L, 1999028193L, -1078937453L, 2121390772L, 1948784578L, 
329438167L, 1837521953L, -219964442L, 182552292L, 1492939285L, 
918829631L, -2122075688L, 1333766134L, -295088125L, -952222907L, 
-1944514718L, -1391824688L, -1444709383L, -1368844501L, -400055140L, 
