1 0.597672916350786 0.339387856703675 0.352090988389893 -0.190678337331687 -0.304982693762182 -0.0991403607696157 0.083385161798874 -0.0179805449659837 0.124348320722263 0.123839079359122 -0.0151047255653216 -0.24498651750203 -0.24479366158322 -0.0961975982754753 -0.250408698652008 -0.0343108443044022 -0.0368760005498896 -0.159059550047198 -0.159538304147438 -0.143490743913326 -0.0949366080925746 -0.143600173610488 -0.0168322367012827 -0.0133264060045667 -0.0914625161028412 -0.0775820365799684 -0.0118488806636222 -0.0445446367903339 -0.0806985277260782 0.0738120588868194 0.0138441436071231 0.0574981419497918 0.0569868006710021 0.126702360781876 0.0488268759001124 0.086247560225368 -0.0699814851511184 0.0573120215152105 -0.0904773195106409 -0.11693264657353 -0.0296950212739943 0.0199794943987292 -0.0150760432007735 0.0673442989073645 -0.00630085529689529 0.0696127140195594 0.0245744681458505 0.0607226809949103 0.00924655071572639 0.0285567908232766 -0.0406621855983357 -0.0827784768426034 -0.0237664537267471 0.0340816380558675
0.597672916350786 1 0.622540962863562 0.512795908155664 -0.504616626323503 -0.503110065622308 -0.169916718444676 -0.0268443475313687 0.190341704467492 0.0070858212327056 0.00644842213674247 -0.0507357686529588 -0.0506152724251296 -0.050218804399464 -0.155534098137968 -0.103951103230715 0.0527048602570392 0.0549445415239922 -0.00803579373827885 -0.00812285453286542 0.0205734163224146 0.0209194999759565 0.0200146301810501 0.00215501518563722 0.00306159909459713 0.0471363488792352 -0.00251784502388345 0.0956278683057247 -0.00842763839506519 0.125564192034976 0.0615954572066446 0.0417458985641891 0.185559005954811 0.184753548631812 0.0996730479973489 0.183813388097024 0.079189958571984 0.0765964545608517 0.0103871406276789 -0.0478464710066363 -0.0132421350073821 -0.0909308027907411 -0.0633931596127684 0.0484535233782383 0.123239377192752 0.059507294733397 0.121496811341921 0.00738653092956394 0.142388605255917 0.00959511657173509 0.0529606797966633 0.0118431467512986 -0.0209198463051382 -0.0518917630631773 0.0601984626042824
0.339387856703675 0.622540962863562 1 0.891681762754909 -0.868381215348863 -0.620885693197377 0.108346939761253 -0.114122984853266 0.0889426153535246 -0.132635320282745 -0.133238212945635 -0.079565444729403 -0.104553259319259 -0.105069560722673 -0.0801939062502403 0.0518036973355432 -0.0580954336800556 -0.10644190435288 -0.0632090069743665 -0.0628463949505466 -0.00955538642357196 0.0602852702504499 -0.0100289831714246 0.0552598850836766 0.0554846791418318 -0.0812563796150566 0.0245965585071043 -0.00833227155988871 0.0478836777167087 0.026341822992941 0.0722135134211375 0.117069230583725 0.0803762831604346 0.0804207000617267 0.160184849786772 0.0830709732999101 0.143705139788696 -0.103920086237609 0.0688302474169692 -0.035084392759143 -0.0463682164076641 -0.0800564998841675 -0.0542457039117107 0.0481134201949261 0.00164326910120397 -0.0505245611392676 -0.00532380712689191 -0.0181163726919164 0.0114377588530233 0.0686763679945978 0.0284349832128425 0.0120917622202826 -0.0090538367440497 -0.0943161585274768 0.0507132925169035
0.352090988389893 0.512795908155664 0.891681762754909 1 -0.788145232812633 -0.703231746026679 0.123554075859144 -0.109013432254961 -0.031133490420191 -0.233052437618069 -0.234251361855507 -0.0492089381456248 -0.10438858763319 -0.104803164572781 -0.10044973476434 0.041683132128796 -0.101075751833463 -0.101328929115076 -0.0593983698620131 -0.0590772145057884 -0.00413487383839425 0.119071323591148 -0.00468855194700266 0.0487664370692511 0.0482288823934671 -0.110467849152085 0.00221606833575872 -0.0171173834907352 0.0750456201760907 0.0559484278353643 0.0955955928742075 0.16302466394535 0.0652606962003642 0.0653990824711666 0.171017332390341 0.0651818826357215 0.153786615400463 -0.134209367793527 0.0894606082826164 -0.0381495645749345 -0.0451046951849149 -0.0749236742502453 -0.0487916152092549 0.0245164297791709 -0.0354725857975064 -0.0582618687648347 -0.0444611602054925 -0.0284465488941332 0.0167141751171509 0.0573979882472501 0.0625646016161798 0.0492388762725491 -0.0255033880300575 -0.0789833744602602 0.0884802198508832
-0.190678337331687 -0.504616626323503 -0.868381215348863 -0.788145232812633 1 0.672232326521267 -0.110768339943157 0.265470109640705 -0.0364211605883334 0.183775269811392 0.185437523964659 0.0831449282499698 0.119288980923441 0.118977224469036 0.0949066583006011 -0.0528224060518036 0.109566070802878 0.114572866760919 0.0497690506786054 0.0494097799829056 0.00557334357315949 -0.0362279090062252 0.00607796811178363 -5.87751450526616e-06 0.00072664009509953 0.146878560464728 -0.015447654194077 0.0638337933359107 -0.0973856830441151 -0.0578538774970978 -0.0737722922453374 -0.17183274452304 -0.0788564523751396 -0.0789379301259718 -0.188081035811473 -0.0766502265746804 -0.169723168639774 0.142307684301778 -0.088019265420872 0.0457494180463749 0.0349472315832674 0.012587603761735 0.0434947209208208 -0.0471595383040526 0.00225106328848872 0.0924352639416734 0.0113001408101416 -0.0493032695705375 0.0173598747390321 -0.0887784489706556 0.0194189375664737 -0.0107000535720851 0.021016508487999 0.097624655548645 0.00549297304048183
-0.304982693762182 -0.503110065622308 -0.620885693197377 -0.703231746026679 0.672232326521267 1 0.151045308031045 0.235593168463907 0.0794718515350607 0.311106120828762 0.310619026642158 0.0405813275571291 0.229937983615919 0.229726972872822 0.189344977405621 0.017360674844097 -0.0516382465169493 0.0530434593580133 0.0537820394603977 0.0535088014194371 0.0473949168443671 -0.0680008733892489 0.0476708887858428 -0.0551926520336793 -0.0543967327207861 0.175710590026118 0.0268492163665701 0.0714913249608464 -0.127614633225196 -0.052081927050432 -0.133611135933342 -0.243307658095084 -0.16160069372904 -0.162352169210574 -0.31413379702798 -0.147648545533503 -0.288206238774282 0.22632121182176 -0.21548396206615 0.0593938786698469 0.0289878412929744 -0.0648235609740112 -0.0392555597304473 -0.0216772006568804 -0.0120574327442566 0.0576575593697677 -0.00350320473739039 -0.119839021417547 -0.00150831991229192 -0.0765649414024016 0.0190470762701454 -0.00703854702248813 0.0938728947185025 0.100131211554712 0.0196705167676917
-0.0991403607696157 -0.169916718444676 0.108346939761253 0.123554075859144 -0.110768339943157 0.151045308031045 1 -0.0992716580800136 -0.119936356223233 -0.178533583984299 -0.178540803905611 -0.0417456878541276 0.0936360680193973 0.0942635098208442 0.0479278818909972 0.0717141311319458 -0.227344275402691 -0.0593037078495415 -0.0160768700539585 -0.0160004410217343 0.0016889615515412 -0.196169816801829 0.00186325079532071 0.0343142309994075 0.0325034873693688 0.0996395431631625 0.00607458672005293 0.0552952638827251 -0.0688749882435379 -0.0438670552415043 -0.0506789256166459 -0.107196181629738 -0.0448581164371326 -0.0450466878018964 -0.103378294051175 -0.0422847196630849 -0.103110651250397 0.0874348867512954 -0.110731095335993 0.00920172006941015 0.0851611938613861 -0.126369230887465 -0.146259738359937 0.0427400678780609 0.0248676673345806 0.0783423853026161 0.0224955917865055 -0.114850870535327 0.102048232787521 -0.0565484267611343 0.147582112427661 0.0411136202839886 0.0475929967975789 0.032887668123923 0.169314566163217
0.083385161798874 -0.0268443475313687 -0.114122984853266 -0.109013432254961 0.265470109640705 0.235593168463907 -0.0992716580800136 1 0.600246805832665 0.41607153672054 0.416508861701998 -0.070768588525614 0.178741706049641 0.178576437744274 0.0725616158671131 0.112673211043533 -0.0834844305204348 -0.103355304417462 -0.0848524072895613 -0.0847676805000618 -0.0288206922005341 0.025725720883644 -0.0285019474719956 0.0574326471857724 0.0563637390130206 0.132372022327332 -0.0989223547119605 0.194942292257357 -0.19972146115318 -0.0575344537077404 0.121368127561555 -0.142872922941255 0.0517876613571351 0.0520846903620731 -0.0610503166289804 -0.0070647854995439 -0.0919587487839277 0.11423920293131 -0.109322956678412 -0.105376330210509 0.0315653528164417 -0.0425711722270875 0.0217119864065974 -0.10359583787107 -0.0468144088155169 0.0851609181049572 -0.0414934359635969 -0.119483702470482 -0.00560976310742952 0.000119712093400625 0.00366391077630327 -0.208790809258349 -0.0324755986969079 0.0977095019327776 -0.00623246743910954
-0.0179805449659837 0.190341704467492 0.0889426153535246 -0.031133490420191 -0.0364211605883334 0.0794718515350607 -0.119936356223233 0.600246805832665 1 0.457258049866323 0.456830575129549 -0.148713326070168 0.263280238785418 0.264125131799577 -0.153512208992675 0.201978726155998 -0.103797072476786 -0.0830647540545788 0.00827247845527487 0.00906578656596512 0.125603339177402 0.0122111110556574 0.1252487087211 -0.0315682638113125 -0.0315706907429643 0.130375959881184 -0.0207021078149158 0.161038682863689 -0.0421664815099922 0.189771321608475 0.060814837208839 -0.00487232559850395 0.184791084072381 0.18522620693436 -0.0151640129000825 0.148084278047641 -0.0293189206906353 0.191270358512869 -0.0804806635610141 -0.067515034546057 -0.0283472527917044 -0.0073599165649246 0.0348305326820603 -0.100917051019014 -0.00861054542722765 0.0333831699043218 0.011004618670588 -0.0428030562644399 -0.0485954814908985 0.0960069768175005 0.0869822146604916 -0.177218730102271 -0.0219575903859619 0.0945869596225614 0.0622115865144482
0.124348320722263 0.0070858212327056 -0.132635320282745 -0.233052437618069 0.183775269811392 0.311106120828762 -0.178533583984299 0.41607153672054 0.457258049866323 1 0.99889039499954 -0.272550551999417 -0.103642362235652 -0.103457240230737 -0.0608704980988079 -0.290449127229826 -0.0532079033162489 0.0790233088671027 -0.0117984610589563 -0.0123169759470584 0.108905607043795 -0.068225941192162 0.108851271241017 -0.0647848693760493 -0.0590845212233853 0.00861591160967869 -0.0663000545345685 -0.112264087124277 0.0267327293356713 -0.0816455189507532 -0.171471806722956 -0.107704197539015 -0.0675364740187122 -0.0678774433493767 -0.103942948265406 -0.0805223433608113 -0.120512565253743 0.0696730696874734 0.00375599342275066 -0.0326379206477981 -0.110852844088554 -0.0782185770256072 -0.0285261943448742 -0.0747496205871794 -0.0340094650156541 0.0427055576380169 -0.0239826683720811 -0.0909859270807682 -0.0315315654689944 -0.0439439997393107 -0.0323497748565371 -0.12933568527878 0.0209250543551253 0.000287892615476013 -0.0489028782913982
0.123839079359122 0.00644842213674247 -0.133238212945635 -0.234251361855507 0.185437523964659 0.310619026642158 -0.178540803905611 0.416508861701998 0.456830575129549 0.99889039499954 1 -0.273186742192296 -0.1045904567339 -0.104402362950289 -0.0606732860421171 -0.289949264155448 -0.0527091975801747 0.0784334998171728 -0.0121855564107996 -0.0127039203345674 0.107958515697687 -0.0677381321300111 0.107904167384905 -0.0645586781683201 -0.0588652572153668 0.007667944187298 -0.0660958880261171 -0.112707405310399 0.0263709014433503 -0.0829552808503409 -0.171021782247508 -0.107722645711047 -0.0687753348554193 -0.0691162271113003 -0.104042731965399 -0.0817806855653381 -0.120565314555758 0.0685186651708887 0.00389053011653606 -0.0324996129120236 -0.109465804370621 -0.0790740759488761 -0.0290812363350141 -0.075092885848637 -0.034301321532717 0.0440429941528802 -0.0242806347847966 -0.0920637351776116 -0.0301718968686653 -0.0452226314505576 -0.0327486233385261 -0.129768680848534 0.0197699670413777 0.000878683833837657 -0.0493025337752863
-0.0151047255653216 -0.0507357686529588 -0.079565444729403 -0.0492089381456248 0.0831449282499698 0.0405813275571291 -0.0417456878541276 -0.070768588525614 -0.148713326070168 -0.272550551999417 -0.273186742192296 1 0.185167120912002 0.183972625803589 0.078395468229539 -0.00466467294090821 -0.315826493750432 -0.099495145299437 -0.132776362081527 -0.132761948866117 -0.0174110711278005 -0.0429540365365171 -0.0177797154755493 -0.0696945082954838 -0.0726630343541863 0.044190455588031 -0.190452551746347 0.0174604725174791 -0.0410476027749766 0.00162817868853235 -0.0575536016117465 -0.0757057063893892 -0.00104699641856572 -0.00138222990731114 -0.0660550352452339 0.037483410172129 -0.0450607631788147 0.0940095396846741 -0.0790010019338327 0.0725337725433864 0.0405754269354197 0.0777383457843537 0.0876508844335719 0.0047438099725702 0.031651098735519 -0.0202582589988479 0.0380014374721539 0.0425462807511552 0.0556410370701799 -0.0649832372023926 -0.00761015248026467 0.00778308402943361 -0.0403199584061074 0.0183624942327683 -0.0110335369725915
-0.24498651750203 -0.0506152724251296 -0.104553259319259 -0.10438858763319 0.119288980923441 0.229937983615919 0.0936360680193973 0.178741706049641 0.263280238785418 -0.103642362235652 -0.1045904567339 0.185167120912002 1 0.997055275745331 -0.0808908637351818 0.596892988040843 -0.141046317880721 -0.120443679128317 0.180421463374949 0.180969529244503 0.274722137560584 0.177835633811929 0.274428129136604 0.0314744248916169 0.0218864814568583 0.455766566415033 0.0266930248602341 0.324320498277072 -0.263720679024107 0.063925407425567 -0.13159492953538 -0.385851633996084 0.0681004454820119 0.0679697071178637 -0.3772257175883 0.0545401675746229 -0.369594186475498 0.525094544968868 -0.31798096794987 -0.0122410115133151 0.0685816753793014 -0.0436154895517039 -0.0390214760472608 -0.00516127632104818 0.0260277139494648 0.100559207559006 0.027868757677157 -0.106133428498635 0.113994340266198 -0.0620250801417894 0.0809493340864106 -0.0723194851767373 -0.094455202678768 0.105437146476174 0.084223497611762
-0.24479366158322 -0.050218804399464 -0.105069560722673 -0.104803164572781 0.118977224469036 0.229726972872822 0.0942635098208442 0.178576437744274 0.264125131799577 -0.103457240230737 -0.104402362950289 0.183972625803589 0.997055275745331 1 -0.0802484400409345 0.597567959223689 -0.141512184860932 -0.12011039498981 0.179853795094267 0.180399796431393 0.273897236183989 0.176992436706056 0.273602009800966 0.0305511599479839 0.0209903778379083 0.455232325560656 0.0258953122575062 0.323612075102398 -0.262493789671396 0.0652967300331934 -0.131625277861431 -0.384660567886972 0.069297415113984 0.0691684891403326 -0.376621033168975 0.055516346060813 -0.368693332224073 0.52488768846658 -0.31719605197337 -0.0112003995846877 0.0679775974574344 -0.0427905299920054 -0.0383984629530812 -0.00533233450789434 0.026959007828462 0.10104943185587 0.0287810625966241 -0.105296769761796 0.113435140381725 -0.0613291392790464 0.0824215384291794 -0.0700458898639049 -0.0928390542515303 0.104211588218971 0.0852421352591124
-0.0961975982754753 -0.155534098137968 -0.0801939062502403 -0.10044973476434 0.0949066583006011 0.189344977405621 0.0479278818909972 0.0725616158671131 -0.153512208992675 -0.0608704980988079 -0.0606732860421171 0.078395468229539 -0.0808908637351818 -0.0802484400409345 1 -0.0729558090271001 0.180950193606113 0.0647244109815576 0.0417323540904608 0.0416901028561462 -0.0464052857683517 0.0378901323262515 -0.0465889737144514 0.0175960575359828 0.0197615689626729 0.00984061031368912 -0.0456097278990604 0.0957255740328519 -0.0595862316052398 0.0238628992219979 0.109450323504749 0.0233158397263493 -0.07124003698996 -0.0710499491539271 -0.0157050078913023 -0.0849914546880888 -0.0255925112411464 -0.0629559147634452 -0.00604175105088765 0.00113062990828712 -0.0664904756362231 -0.0890052148632538 -0.0739330346349433 -0.202805160885946 -0.272325498428426 -0.105405902405329 -0.205654903325951 -0.0700315170116777 -0.07897285313957 0.059178864543913 -0.0291712831379079 -0.0209065665221846 0.0333369197992542 0.0493175215498943 -0.0257835122732982
-0.250408698652008 -0.103951103230715 0.0518036973355432 0.041683132128796 -0.0528224060518036 0.017360674844097 0.0717141311319458 0.112673211043533 0.201978726155998 -0.290449127229826 -0.289949264155448 -0.00466467294090821 0.596892988040843 0.597567959223689 -0.0729558090271001 1 0.0208761353866008 -0.207119665692489 0.0831614036301495 0.0838164562397246 0.0993688268050547 0.225958456430096 0.0991220809795923 0.00616333961037108 -0.00504452573697704 0.154636207256461 0.0926439074099115 0.161367196198292 -0.135825919107727 0.0409395344027945 0.0384796301896917 -0.126107093714598 -0.00624763503940678 -0.00592490034118627 -0.177538841501566 -0.030941619121134 -0.162599359203459 0.189428951859414 -0.138199267160844 -0.00429326802784232 -0.0861575796256879 0.00288540370466926 -0.0141573389515755 -0.0154505458102768 -0.0435988313528671 -0.00541859215644799 -0.0416802851291954 -0.0763943668776673 -0.00856785826110615 0.0134197923888616 -0.00189937017291513 -0.00489485115259764 -0.0562419268769546 -0.0109936829709187 -0.00246255015953422
-0.0343108443044022 0.0527048602570392 -0.0580954336800556 -0.101075751833463 0.109566070802878 -0.0516382465169493 -0.227344275402691 -0.0834844305204348 -0.103797072476786 -0.0532079033162489 -0.0527091975801747 -0.315826493750432 -0.141046317880721 -0.141512184860932 0.180950193606113 0.0208761353866008 1 0.372191232754048 0.274344323329051 0.274888640559215 -0.119346430632627 0.197663576856844 -0.119435303820563 0.0157945381074145 0.0183188897443406 -0.0681131163544867 0.179303865941903 -0.0220949561963375 0.0565965520289632 0.0360636318722146 0.038130153073992 0.109823700244541 -0.0470184532759096 -0.0464478770302913 0.0552604998769365 0.0367750692989439 0.110084186483979 -0.111645433817404 0.160570367421654 0.197287208322557 -0.107456606177068 -0.0530305029933458 0.000417374001379466 -0.039617871538174 -0.0495566101038353 -0.00808775532701134 -0.0493231817507412 -0.0741647848085946 0.0235342078335824 0.0034251441803129 0.000225760734531923 0.0385313131929727 0.00953284777369256 -0.0250387873652112 -0.034389588800783
-0.0368760005498896 0.0549445415239922 -0.10644190435288 -0.101328929115076 0.114572866760919 0.0530434593580133 -0.0593037078495415 -0.103355304417462 -0.0830647540545788 0.0790233088671027 0.0784334998171728 -0.099495145299437 -0.120443679128317 -0.12011039498981 0.0647244109815576 -0.207119665692489 0.372191232754048 1 0.754191278171292 0.753904779179079 0.333782082551851 0.00765912530511528 0.333619689003834 0.00210576942220981 0.00767067531086559 -0.0201289494882194 0.0480886371292361 -0.159923653696019 0.294818593199931 0.195686884415003 -0.194940850897406 0.177062800531253 0.0474567198242806 0.0472953200051977 0.0532223697386249 0.0772097899793298 0.0733547063478883 -0.0284556406988376 0.215993271717711 0.0939164695474531 -0.00417449755512874 -0.187896913001314 -0.218304736382955 -0.0794284216381745 -0.0210428578760227 0.134806224251976 -0.020766335447928 -0.168129683220393 0.140037491696295 -0.158570116624978 -0.0719629691108267 0.0987731922423275 0.0716160437169929 -0.165517556251217 -0.0708282236812609
-0.159059550047198 -0.00803579373827885 -0.0632090069743665 -0.0593983698620131 0.0497690506786054 0.0537820394603977 -0.0160768700539585 -0.0848524072895613 0.00827247845527487 -0.0117984610589563 -0.0121855564107996 -0.132776362081527 0.180421463374949 0.179853795094267 0.0417323540904608 0.0831614036301495 0.274344323329051 0.754191278171292 1 0.999180279386724 0.538000806328149 0.27432611490022 0.537669663979056 0.08686040234467 0.0945132533043325 0.133692117544765 0.0825020962683224 -0.0632391038304361 0.252219601546078 0.218636074269658 -0.277258002603595 0.0717041958933198 0.118381247206834 0.118434079010442 -0.00843197414915835 0.148108494473845 0.00375047313112759 0.123033525886984 0.193558756069387 0.0854380976535468 -0.0537806560613474 -0.184871800737512 -0.231258235044464 -0.142242067992669 -0.0810024524555803 0.103216792770284 -0.0750113252319101 -0.196759521022731 0.0997645748383984 -0.108097137349982 -0.0731793606738097 0.117917942653651 0.0343316882891068 -0.185065289767154 -0.0691341146325401
-0.159538304147438 -0.00812285453286542 -0.0628463949505466 -0.0590772145057884 0.0494097799829056 0.0535088014194371 -0.0160004410217343 -0.0847676805000618 0.00906578656596512 -0.0123169759470584 -0.0127039203345674 -0.132761948866117 0.180969529244503 0.180399796431393 0.0416901028561462 0.0838164562397246 0.274888640559215 0.753904779179079 0.999180279386724 1 0.536867293775232 0.274372779522641 0.536534848471779 0.0868533325199467 0.0945161414269884 0.133598013810091 0.0825042833020217 -0.0622913054994593 0.251141449773085 0.218400579717949 -0.275873507273156 0.0716084217132522 0.118182713440483 0.118235848721114 -0.00856132179653507 0.147876950438157 0.00361151275089813 0.122960219799274 0.192780037040639 0.0854666688256229 -0.0536571759617278 -0.183715282463312 -0.230026909306949 -0.142692240786313 -0.0815169921783846 0.102040322082507 -0.0755250343637168 -0.195781519941953 0.0985935312732661 -0.106932797451633 -0.0724809290205542 0.117824735723949 0.0342361306354483 -0.183767677208335 -0.0684317787406197
-0.143490743913326 0.0205734163224146 -0.00955538642357196 -0.00413487383839425 0.00557334357315949 0.0473949168443671 0.0016889615515412 -0.0288206922005341 0.125603339177402 0.108905607043795 0.107958515697687 -0.0174110711278005 0.274722137560584 0.273897236183989 -0.0464052857683517 0.0993688268050547 -0.119346430632627 0.333782082551851 0.538000806328149 0.536867293775232 1 0.341332641585548 0.99953906240786 0.115390968109243 0.114138081406566 0.188960262839229 0.108916732729691 -0.18036066083401 0.355114805405463 0.19112077645983 -0.498131457038497 0.00575660582718736 0.0528870175005162 0.0533565101368813 -0.081125208081348 0.0789097186366575 -0.0545603086755555 0.147006958132306 0.10261229140324 0.0894749687283676 -0.0275653335653343 -0.0768419626857226 -0.139878466817074 0.057051994268025 0.0819480293728585 0.151722989854343 0.0899251927773949 -0.0545976086008261 0.0960988019495868 -0.0761686228738419 -0.0847611258470477 -0.00784226855994436 -0.0187886378313581 -0.126742323940432 -0.0711524780955272
-0.0949366080925746 0.0209194999759565 0.0602852702504499 0.119071323591148 -0.0362279090062252 -0.0680008733892489 -0.196169816801829 0.025725720883644 0.0122111110556574 -0.068225941192162 -0.0677381321300111 -0.0429540365365171 0.177835633811929 0.176992436706056 0.0378901323262515 0.225958456430096 0.197663576856844 0.00765912530511528 0.27432611490022 0.274372779522641 0.341332641585548 1 0.341478055432443 0.109779276193581 0.113728567000234 0.115227312454418 -0.00352489392203587 0.0443627523878912 0.0156464834150486 0.0160596405223648 -0.111251379861552 -0.0542962318575165 -0.163239106352687 -0.163221504113622 -0.199057811430361 -0.0741332380217914 -0.138621620061616 0.0920419528363693 -0.0858201769615863 0.220464593639894 -0.0688669965312797 -0.0193641431898522 -0.036609293781843 -0.0261119440258026 -0.0624692475719621 -0.0211330375583315 -0.057568342225284 -0.0855463817262259 -0.00998186083634501 0.00859614299182391 -0.106590978521077 0.0924063421954474 0.0682841471494909 -0.104386368773451 -0.124259680667797
-0.143600173610488 0.0200146301810501 -0.0100289831714246 -0.00468855194700266 0.00607796811178363 0.0476708887858428 0.00186325079532071 -0.0285019474719956 0.1252487087211 0.108851271241017 0.107904167384905 -0.0177797154755493 0.274428129136604 0.273602009800966 -0.0465889737144514 0.0991220809795923 -0.119435303820563 0.333619689003834 0.537669663979056 0.536534848471779 0.99953906240786 0.341478055432443 1 0.116179951712513 0.114937485101766 0.189591825893599 0.109881031049987 -0.180262185987198 0.355234298264061 0.190923656498417 -0.498687837911119 0.00543492846450707 0.0528142322424071 0.053284318676138 -0.08137986601183 0.0787649251442682 -0.0548464727821553 0.147218678532301 0.102502311542304 0.0893889066728139 -0.0267930036665516 -0.0773239848106085 -0.140337885358545 0.0570365785126546 0.0823405713536003 0.152773238149657 0.0903186699887274 -0.0551607073975802 0.0963833312340443 -0.0760701388002055 -0.0843217521712244 -0.00673270919688878 -0.0175256834453255 -0.127456670092803 -0.0706910497021353
-0.0168322367012827 0.00215501518563722 0.0552598850836766 0.0487664370692511 -5.87751450526616e-06 -0.0551926520336793 0.0343142309994075 0.0574326471857724 -0.0315682638113125 -0.0647848693760493 -0.0645586781683201 -0.0696945082954838 0.0314744248916169 0.0305511599479839 0.0175960575359828 0.00616333961037108 0.0157945381074145 0.00210576942220981 0.08686040234467 0.0868533325199467 0.115390968109243 0.109779276193581 0.116179951712513 1 0.988659349239725 0.415488397475698 -0.0472447777032865 0.273791338557447 -0.232485438155681 -0.589381111814177 -0.0945685651415936 -0.309003072056574 0.0951443912821114 0.0953488600254279 0.170798666279437 0.0866994844718607 0.163847039729387 -0.118830131276602 0.180665814052134 -0.0101427749629031 -0.0371422542655248 0.124721043839953 0.0172696302047903 0.117078739197155 0.0854997070992245 -0.117784368449964 0.0901986840379841 0.182725435987343 -0.128996143270992 0.104869210645447 -0.135533720163435 -0.0696860730985151 -0.0214251453282395 -0.0061837420414297 -0.12387701726245
-0.0133264060045667 0.00306159909459713 0.0554846791418318 0.0482288823934671 0.00072664009509953 -0.0543967327207861 0.0325034873693688 0.0563637390130206 -0.0315706907429643 -0.0590845212233853 -0.0588652572153668 -0.0726630343541863 0.0218864814568583 0.0209903778379083 0.0197615689626729 -0.00504452573697704 0.0183188897443406 0.00767067531086559 0.0945132533043325 0.0945161414269884 0.114138081406566 0.113728567000234 0.114937485101766 0.988659349239725 1 0.423753580441179 -0.0478482884957122 0.281919679307519 -0.230856253915182 -0.582697002369862 -0.0935758821994168 -0.30604142590561 0.107659269181603 0.107859677840287 0.179410342658083 0.100948971992433 0.172093237993009 -0.118444932086171 0.188467010394614 -0.00871505246126647 -0.0434350432258486 0.125328987370073 0.0169841358708709 0.114615349116898 0.0842182483299184 -0.123210238565237 0.0890074031517557 0.185403846655468 -0.126083099693006 0.103313090044733 -0.138680449758172 -0.0693980972364777 -0.0186052831739225 -0.010385332770604 -0.124310276542966
-0.0914625161028412 0.0471363488792352 -0.0812563796150566 -0.110467849152085 0.146878560464728 0.175710590026118 0.0996395431631625 0.132372022327332 0.130375959881184 0.00861591160967869 0.007667944187298 0.044190455588031 0.455766566415033 0.455232325560656 0.00984061031368912 0.154636207256461 -0.0681131163544867 -0.0201289494882194 0.133692117544765 0.133598013810091 0.188960262839229 0.115227312454418 0.189591825893599 0.415488397475698 0.423753580441179 1 -0.104685826728419 0.657680976701369 -0.555225067437957 -0.148124906674258 -0.223231217121466 -0.773001633009218 0.259614521457583 0.258416359334469 -0.419423522620871 0.231772857188185 -0.451262887724601 0.779093112765881 -0.376985317901735 -0.0711724765548676 0.110403167399004 -0.0558951747131432 -0.118717924987738 0.0396375418701288 0.0984676101616098 0.082911681617243 0.0875621660284765 -0.0760804560225598 0.0830919743887771 -0.00326993956906671 0.0195953502059005 -0.0836180788643506 -0.028982066340953 0.0582895360442384 0.0288141923332359
-0.0775820365799684 -0.00251784502388345 0.0245965585071043 0.00221606833575872 -0.015447654194077 0.0268492163665701 0.00607458672005293 -0.0989223547119605 -0.0207021078149158 -0.0663000545345685 -0.0660958880261171 -0.190452551746347 0.0266930248602341 0.0258953122575062 -0.0456097278990604 0.0926439074099115 0.179303865941903 0.0480886371292361 0.0825020962683224 0.0825042833020217 0.108916732729691 -0.00352489392203587 0.109881031049987 -0.0472447777032865 -0.0478482884957122 -0.104685826728419 1 -0.16011523329359 0.1875721991783 0.0786568060894336 -0.0810806487788485 0.131462862061704 -0.373536992533206 -0.372103943802734 -0.249328315811949 -0.413908618224434 -0.251583240195716 -0.0922584046998036 -0.22711353970497 -0.000933753552657641 -0.0136039997097898 -0.0924918473265583 -0.0767302886209487 0.077984849646028 0.0624454073830954 0.18208666161314 0.0658040117092779 -0.0991459820417422 0.114845592896539 0.051890641005406 0.0118239499413383 0.0265050012632249 -0.0444241169641602 -0.123437479665109 0.00598096454529335
-0.0118488806636222 0.0956278683057247 -0.00833227155988871 -0.0171173834907352 0.0638337933359107 0.0714913249608464 0.0552952638827251 0.194942292257357 0.161038682863689 -0.112264087124277 -0.112707405310399 0.0174604725174791 0.324320498277072 0.323612075102398 0.0957255740328519 0.161367196198292 -0.0220949561963375 -0.159923653696019 -0.0632391038304361 -0.0622913054994593 -0.18036066083401 0.0443627523878912 -0.180262185987198 0.273791338557447 0.281919679307519 0.657680976701369 -0.16011523329359 1 -0.843253801767688 0.000724669203029948 0.520569016034739 -0.473908146151637 0.340880955252611 0.340177293526196 -0.14722885470553 0.353605858787001 -0.184174006926286 0.560633872698659 -0.319644821162082 -0.0961162642887168 0.0826431777534876 -0.0292898293049825 -0.0465698031414973 -0.144871245518541 -0.117154424536904 -0.0662214152973116 -0.133264642381293 -0.0417818660837359 -0.0493213553185114 0.109406755522086 0.158876508538481 -0.135101323298541 -0.0681125592552823 0.291784905346945 0.166184048996539
-0.0445446367903339 -0.00842763839506519 0.0478836777167087 0.0750456201760907 -0.0973856830441151 -0.127614633225196 -0.0688749882435379 -0.19972146115318 -0.0421664815099922 0.0267327293356713 0.0263709014433503 -0.0410476027749766 -0.263720679024107 -0.262493789671396 -0.0595862316052398 -0.135825919107727 0.0565965520289632 0.294818593199931 0.252219601546078 0.251141449773085 0.355114805405463 0.0156464834150486 0.355234298264061 -0.232485438155681 -0.230856253915182 -0.555225067437957 0.1875721991783 -0.843253801767688 1 0.414119377001344 -0.441820807096051 0.707683842612775 -0.0247014928500838 -0.0242048134063481 0.329789168269744 -0.0227976070225429 0.375667565150142 -0.477225372585704 0.478621219529688 0.119513024784664 -0.0540563725025556 -0.0405493069576274 -0.0353867784403313 0.0874403883306093 0.0854409611638961 0.117683059193935 0.101398087297054 0.00390483514923503 0.0903214544180066 -0.0834631132244777 -0.0787204939369655 0.123479337729072 0.045373899914676 -0.262009901465246 -0.0724492810947187
-0.0806985277260782 0.125564192034976 0.026341822992941 0.0559484278353643 -0.0578538774970978 -0.052081927050432 -0.0438670552415043 -0.0575344537077404 0.189771321608475 -0.0816455189507532 -0.0829552808503409 0.00162817868853235 0.063925407425567 0.0652967300331934 0.0238628992219979 0.0409395344027945 0.0360636318722146 0.195686884415003 0.218636074269658 0.218400579717949 0.19112077645983 0.0160596405223648 0.190923656498417 -0.589381111814177 -0.582697002369862 -0.148124906674258 0.0786568060894336 0.000724669203029948 0.414119377001344 1 0.159518514413004 0.562666745403691 0.383552128121466 0.38314707854459 0.160299624892478 0.40781341303653 0.179321273731336 0.18263846673741 0.124728851923899 0.0225352018997499 0.0671575939302406 -0.182088244590356 -0.128976729088613 -0.152332725714235 -0.0963213633444481 0.160777869298706 -0.0989253653074358 -0.172187463914953 0.145146810723088 -0.0302351170563837 0.204593055536942 0.0347387982809408 -0.0157720229538723 0.0412900460541665 0.214861578377472
0.0738120588868194 0.0615954572066446 0.0722135134211375 0.0955955928742075 -0.0737722922453374 -0.133611135933342 -0.0506789256166459 0.121368127561555 0.060814837208839 -0.171471806722956 -0.171021782247508 -0.0575536016117465 -0.13159492953538 -0.131625277861431 0.109450323504749 0.0384796301896917 0.038130153073992 -0.194940850897406 -0.277258002603595 -0.275873507273156 -0.498131457038497 -0.111251379861552 -0.498687837911119 -0.0945685651415936 -0.0935758821994168 -0.223231217121466 -0.0810806487788485 0.520569016034739 -0.441820807096051 0.159518514413004 1 0.279477171081813 0.206896029883451 0.2072570077584 0.305709319463691 0.18408686548353 0.291530320002845 -0.183604283036119 0.0118419303057214 -0.0629006622580787 0.0248358488355634 0.0502825392617848 0.0974414289305668 -0.21480656723956 -0.240396763262243 -0.154453461787576 -0.25014230011448 0.0666700303633506 -0.154667424104401 0.151756244370446 0.199126485449374 -0.081114849621627 -0.0452115853455533 0.322666033894001 0.196874511018164
0.0138441436071231 0.0417458985641891 0.117069230583725 0.16302466394535 -0.17183274452304 -0.243307658095084 -0.107196181629738 -0.142872922941255 -0.00487232559850395 -0.107704197539015 -0.107722645711047 -0.0757057063893892 -0.385851633996084 -0.384660567886972 0.0233158397263493 -0.126107093714598 0.109823700244541 0.177062800531253 0.0717041958933198 0.0716084217132522 0.00575660582718736 -0.0542962318575165 0.00543492846450707 -0.309003072056574 -0.30604142590561 -0.773001633009218 0.131462862061704 -0.473908146151637 0.707683842612775 0.562666745403691 0.279477171081813 1 0.0827775320298106 0.0836249838188 0.609050178508022 0.124672381796248 0.647168625765089 -0.67074747990547 0.545230647564472 0.0785609876363778 -0.0445513549197857 -0.0178671501246193 0.0247326307605061 -0.0837267522331625 -0.112033239034413 -0.00348656449432103 -0.101158854831077 0.0411848309381719 -0.034505715043592 0.0256031435370203 0.0592629940221723 0.0601122216439202 0.0069379514332896 -0.0273742379228017 0.0653277284053124
0.0574981419497918 0.185559005954811 0.0803762831604346 0.0652606962003642 -0.0788564523751396 -0.16160069372904 -0.0448581164371326 0.0517876613571351 0.184791084072381 -0.0675364740187122 -0.0687753348554193 -0.00104699641856572 0.0681004454820119 0.069297415113984 -0.07124003698996 -0.00624763503940678 -0.0470184532759096 0.0474567198242806 0.118381247206834 0.118182713440483 0.0528870175005162 -0.163239106352687 0.0528142322424071 0.0951443912821114 0.107659269181603 0.259614521457583 -0.373536992533206 0.340880955252611 -0.0247014928500838 0.383552128121466 0.206896029883451 0.0827775320298106 1 0.998855258143895 0.578885024689311 0.890953905834267 0.495556180285344 0.234115053822234 0.433063980078692 -0.246511317733462 0.0357377541973761 0.0395515865718953 0.0113186264610515 -0.0959228428295836 -0.0134151746515226 -0.0561877230038646 -0.0493121338642507 0.104733570323842 -0.0679135260636738 0.10300234878163 0.11256234683635 -0.0959890393091418 -0.0602588533979202 0.107751663417267 0.125796405730783
0.0569868006710021 0.184753548631812 0.0804207000617267 0.0653990824711666 -0.0789379301259718 -0.162352169210574 -0.0450466878018964 0.0520846903620731 0.18522620693436 -0.0678774433493767 -0.0691162271113003 -0.00138222990731114 0.0679697071178637 0.0691684891403326 -0.0710499491539271 -0.00592490034118627 -0.0464478770302913 0.0472953200051977 0.118434079010442 0.118235848721114 0.0533565101368813 -0.163221504113622 0.053284318676138 0.0953488600254279 0.107859677840287 0.258416359334469 -0.372103943802734 0.340177293526196 -0.0242048134063481 0.38314707854459 0.2072570077584 0.0836249838188 0.998855258143895 1 0.579545310709427 0.890442370420043 0.496279325812102 0.232725771783519 0.433656113852822 -0.246346794843988 0.0353575685375985 0.039499219717149 0.0111799936471705 -0.0953197892193912 -0.0131800940401089 -0.0558764805922211 -0.0490658216186342 0.104305567439358 -0.0672123159675094 0.102845526584865 0.112554296060904 -0.0955166232284575 -0.0599779712344641 0.107044938144288 0.125759140988483
0.126702360781876 0.0996730479973489 0.160184849786772 0.171017332390341 -0.188081035811473 -0.31413379702798 -0.103378294051175 -0.0610503166289804 -0.0151640129000825 -0.103942948265406 -0.104042731965399 -0.0660550352452339 -0.3772257175883 -0.376621033168975 -0.0157050078913023 -0.177538841501566 0.0552604998769365 0.0532223697386249 -0.00843197414915835 -0.00856132179653507 -0.081125208081348 -0.199057811430361 -0.08137986601183 0.170798666279437 0.179410342658083 -0.419423522620871 -0.249328315811949 -0.14722885470553 0.329789168269744 0.160299624892478 0.305709319463691 0.609050178508022 0.578885024689311 0.579545310709427 1 0.589129617321233 0.946292615746353 -0.605971617601545 0.837024754503084 -0.185892147567504 -0.0611352374110962 0.124241936257922 0.106299027967924 -0.0494038615977486 -0.0533717076090541 -0.157531361240693 -0.0686973661322705 0.227450564782176 -0.181013409214149 0.109192567965496 0.0215381439912366 -0.0632074577663355 -0.0302264352866509 0.0689896341275051 0.0379423819380615
0.0488268759001124 0.183813388097024 0.0830709732999101 0.0651818826357215 -0.0766502265746804 -0.147648545533503 -0.0422847196630849 -0.0070647854995439 0.148084278047641 -0.0805223433608113 -0.0817806855653381 0.037483410172129 0.0545401675746229 0.055516346060813 -0.0849914546880888 -0.030941619121134 0.0367750692989439 0.0772097899793298 0.148108494473845 0.147876950438157 0.0789097186366575 -0.0741332380217914 0.0787649251442682 0.0866994844718607 0.100948971992433 0.231772857188185 -0.413908618224434 0.353605858787001 -0.0227976070225429 0.40781341303653 0.18408686548353 0.124672381796248 0.890953905834267 0.890442370420043 0.589129617321233 1 0.600893334607439 0.206699815721253 0.541974134287523 0.0680978427114858 -0.00359846787931953 -0.00279997110059894 -0.031454501554575 -0.0895352745122565 -0.0185357031908723 -0.0167312371982087 -0.0555731204636873 0.0588253077101375 -0.0198855259965599 0.0274432756380773 0.104254936749263 -0.125198105171797 -0.0764359198428751 0.147870469839029 0.121472883221691
0.086247560225368 0.079189958571984 0.143705139788696 0.153786615400463 -0.169723168639774 -0.288206238774282 -0.103110651250397 -0.0919587487839277 -0.0293189206906353 -0.120512565253743 -0.120565314555758 -0.0450607631788147 -0.369594186475498 -0.368693332224073 -0.0255925112411464 -0.162599359203459 0.110084186483979 0.0733547063478883 0.00375047313112759 0.00361151275089813 -0.0545603086755555 -0.138621620061616 -0.0548464727821553 0.163847039729387 0.172093237993009 -0.451262887724601 -0.251583240195716 -0.184174006926286 0.375667565150142 0.179321273731336 0.291530320002845 0.647168625765089 0.495556180285344 0.496279325812102 0.946292615746353 0.600893334607439 1 -0.644474068401163 0.881048301810315 0.0958101010936138 -0.0835165068643845 0.119105281762985 0.104575016840451 -0.0243604295549484 -0.0355084091367603 -0.121397943157771 -0.0520300438266005 0.215490024714641 -0.140495263242375 0.0602494086835602 0.0108417420506033 -0.0691320699014598 -0.0385499652123259 0.0813909659325803 0.0292273084419256
-0.0699814851511184 0.0765964545608517 -0.103920086237609 -0.134209367793527 0.142307684301778 0.22632121182176 0.0874348867512954 0.11423920293131 0.191270358512869 0.0696730696874734 0.0685186651708887 0.0940095396846741 0.525094544968868 0.52488768846658 -0.0629559147634452 0.189428951859414 -0.111645433817404 -0.0284556406988376 0.123033525886984 0.122960219799274 0.147006958132306 0.0920419528363693 0.147218678532301 -0.118830131276602 -0.118444932086171 0.779093112765881 -0.0922584046998036 0.560633872698659 -0.477225372585704 0.18263846673741 -0.183604283036119 -0.67074747990547 0.234115053822234 0.232725771783519 -0.605971617601545 0.206699815721253 -0.644474068401163 1 -0.570136198678018 -0.0735379382495186 0.0979704728217422 -0.136303883252368 -0.143844106922731 -0.0555805808658948 0.028461699623021 0.128567373614101 0.0128923883322627 -0.198274106830183 0.147968614769459 -0.037853255344081 0.0980039912859866 -0.0403779364165049 -0.0255779724936054 0.0549123911819059 0.0925671887620501
